1.000000
0.998634
0.997268
0.995901
0.994535
0.993169
0.991803
0.990437
0.989071
0.987704
0.986338
0.984972
0.983606
0.982240
0.980875
0.979509
0.978143
0.976777
0.975412
0.974046
0.972681
0.971315
0.969950
0.968584
0.967219
0.965854
0.964489
0.963124
0.961759
0.960395
0.959030
0.957665
0.956301
0.954937
0.953573
0.952209
0.950845
0.949481
0.948117
0.946754
0.945391
0.944027
0.942664
0.941301
0.939939
0.938576
0.937214
0.935851
0.934489
0.933127
0.931766
0.930404
0.929043
0.927682
0.926321
0.924960
0.923599
0.922239
0.920879
0.919519
0.918159
0.916800
0.915440
0.914081
0.912722
0.911364
0.910006
0.908647
0.907290
0.905932
0.904575
0.903217
0.901861
0.900504
0.899148
0.897791
0.896436
0.895080
0.893725
0.892370
0.891016
0.889661
0.888307
0.886953
0.885600
0.884247
0.882894
0.881541
0.880189
0.878837
0.877486
0.876134
0.874783
0.873433
0.872083
0.870732
0.869383
0.868034
0.866685
0.865336
0.863988
0.862640
0.861293
0.859946
0.858599
0.857253
0.855907
0.854561
0.853216
0.851871
0.850527
0.849183
0.847839
0.846496
0.845154
0.843811
0.842469
0.841127
0.839787
0.838446
0.837106
0.835765
0.834426
0.833087
0.831749
0.830410
0.829073
0.827736
0.826399
0.825063
0.823727
0.822391
0.821057
0.819722
0.818388
0.817055
0.815722
0.814389
0.813057
0.811726
0.810395
0.809064
0.807734
0.806405
0.805076
0.803747
0.802419
0.801092
0.799765
0.798438
0.797113
0.795787
0.794462
0.793138
0.791814
0.790491
0.789168
0.787846
0.786525
0.785203
0.783883
0.782563
0.781244
0.779925
0.778607
0.777289
0.775973
0.774656
0.773340
0.772025
0.770710
0.769396
0.768083
0.766769
0.765457
0.764145
0.762835
0.761524
0.760214
0.758905
0.757597
0.756288
0.754981
0.753674
0.752368
0.751063
0.749758
0.748454
0.747151
0.745847
0.744545
0.743244
0.741943
0.740642
0.739343
0.738044
0.736746
0.735448
0.734152
0.732855
0.731560
0.730265
0.728971
0.727677
0.726385
0.725092
0.723801
0.722510
0.721221
0.719931
0.718643
0.717355
0.716068
0.714781
0.713496
0.712211
0.710927
0.709643
0.708361
0.707078
0.705797
0.704516
0.703237
0.701958
0.700680
0.699402
0.698125
0.696849
0.695574
0.694299
0.693026
0.691753
0.690481
0.689209
0.687939
0.686669
0.685400
0.684131
0.682864
0.681597
0.680332
0.679066
0.677802
0.676538
0.675276
0.674014
0.672753
0.671492
0.670233
0.668974
0.667717
0.666459
0.665204
0.663948
0.662694
0.661440
0.660187
0.658935
0.657684
0.656433
0.655184
0.653935
0.652688
0.651441
0.650195
0.648949
0.647705
0.646461
0.645219
0.643977
0.642737
0.641496
0.640257
0.639019
0.637782
0.636545
0.635310
0.634074
0.632841
0.631608
0.630376
0.629144
0.627915
0.626685
0.625457
0.624229
0.623002
0.621776
0.620552
0.619327
0.618105
0.616882
0.615662
0.614441
0.613222
0.612003
0.610786
0.609569
0.608354
0.607139
0.605925
0.604712
0.603501
0.602289
0.601080
0.599870
0.598663
0.597455
0.596249
0.595044
0.593840
0.592636
0.591434
0.590232
0.589032
0.587832
0.586634
0.585436
0.584240
0.583044
0.581850
0.580656
0.579464
0.578272
0.577081
0.575891
0.574703
0.573515
0.572329
0.571142
0.569958
0.568774
0.567592
0.566409
0.565229
0.564049
0.562871
0.561692
0.560516
0.559340
0.558166
0.556992
0.555819
0.554647
0.553477
0.552307
0.551139
0.549971
0.548805
0.547639
0.546475
0.545311
0.544149
0.542987
0.541827
0.540667
0.539510
0.538352
0.537196
0.536040
0.534887
0.533733
0.532582
0.531430
0.530281
0.529131
0.527984
0.526837
0.525692
0.524546
0.523403
0.522260
0.521119
0.519978
0.518840
0.517701
0.516564
0.515427
0.514293
0.513158
0.512026
0.510894
0.509763
0.508633
0.507505
0.506377
0.505251
0.504125
0.503001
0.501877
0.500756
0.499634
0.498515
0.497395
0.496278
0.495161
0.494046
0.492930
0.491818
0.490705
0.489594
0.488483
0.487375
0.486266
0.485160
0.484054
0.482949
0.481845
0.480743
0.479642
0.478542
0.477442
0.476345
0.475247
0.474152
0.473057
0.471964
0.470870
0.469780
0.468689
0.467600
0.466512
0.465425
0.464339
0.463255
0.462171
0.461089
0.460007
0.458927
0.457847
0.456770
0.455693
0.454617
0.453542
0.452469
0.451396
0.450326
0.449255
0.448187
0.447118
0.446052
0.444986
0.443922
0.442858
0.441796
0.440735
0.439675
0.438616
0.437559
0.436502
0.435447
0.434392
0.433339
0.432287
0.431236
0.430186
0.429138
0.428090
0.427044
0.425998
0.424955
0.423911
0.422870
0.421829
0.420790
0.419751
0.418714
0.417678
0.416643
0.415609
0.414577
0.413545
0.412515
0.411485
0.410458
0.409430
0.408405
0.407380
0.406357
0.405334
0.404313
0.403292
0.402274
0.401256
0.400239
0.399223
0.398210
0.397196
0.396184
0.395173
0.394163
0.393154
0.392147
0.391140
0.390136
0.389131
0.388129
0.387126
0.386126
0.385126
0.384128
0.383130
0.382135
0.381139
0.380146
0.379153
0.378162
0.377171
0.376182
0.375194
0.374207
0.373221
0.372237
0.371253
0.370271
0.369289
0.368310
0.367330
0.366353
0.365376
0.364401
0.363426
0.362453
0.361480
0.360510
0.359539
0.358571
0.357603
0.356637
0.355671
0.354708
0.353744
0.352783
0.351822
0.350863
0.349904
0.348947
0.347990
0.347035
0.346081
0.345129
0.344176
0.343226
0.342276
0.341329
0.340381
0.339436
0.338490
0.337547
0.336604
0.335663
0.334722
0.333783
0.332844
0.331908
0.330971
0.330037
0.329103
0.328171
0.327239
0.326309
0.325379
0.324452
0.323524
0.322599
0.321674
0.320751
0.319828
0.318907
0.317986
0.317067
0.316149
0.315232
0.314316
0.313402
0.312488
0.311576
0.310664
0.309754
0.308844
0.307937
0.307029
0.306124
0.305219
0.304315
0.303412
0.302511
0.301610
0.300712
0.299813
0.298916
0.298020
0.297125
0.296231
0.295339
0.294446
0.293556
0.292666
0.291778
0.290890
0.290005
0.289119
0.288235
0.287352
0.286470
0.285589
0.284710
0.283830
0.282953
0.282076
0.281201
0.280326
0.279453
0.278580
0.277710
0.276839
0.275970
0.275102
0.274235
0.273369
0.272504
0.271640
0.270777
0.269915
0.269055
0.268195
0.267337
0.266479
0.265623
0.264767
0.263913
0.263059
0.262207
0.261355
0.260505
0.259656
0.258808
0.257960
0.257114
0.256269
0.255425
0.254582
0.253740
0.252898
0.252059
0.251219
0.250382
0.249544
0.248709
0.247873
0.247040
0.246207
0.245375
0.244544
0.243714
0.242885
0.242057
0.241230
0.240405
0.239579
0.238756
0.237932
0.237111
0.236289
0.235470
0.234650
0.233833
0.233015
0.232200
0.231384
0.230570
0.229757
0.228945
0.228133
0.227323
0.226514
0.225706
0.224898
0.224092
0.223286
0.222482
0.221678
0.220876
0.220074
0.219274
0.218474
0.217675
0.216877
0.216080
0.215284
0.214489
0.213695
0.212902
0.212109
0.211319
0.210528
0.209739
0.208950
0.208162
0.207375
0.206590
0.205805
0.205021
0.204237
0.203456
0.202674
0.201894
0.201114
0.200336
0.199558
0.198782
0.198005
0.197231
0.196456
0.195683
0.194910
0.194139
0.193368
0.192599
0.191830
0.191062
0.190295
0.189529
0.188763
0.187999
0.187235
0.186473
0.185710
0.184949
0.184189
0.183430
0.182671
0.181913
0.181156
0.180401
0.179645
0.178891
0.178137
0.177385
0.176632
0.175882
0.175131
0.174382
0.173633
0.172885
0.172138
0.171392
0.170646
0.169902
0.169158
0.168415
0.167673
0.166932
0.166191
0.165451
0.164712
0.163974
0.163236
0.162500
0.161764
0.161029
0.160294
0.159561
0.158828
0.158096
0.157364
0.156634
0.155904
0.155175
0.154446
0.153719
0.152992
0.152266
0.151540
0.150816
0.150092
0.149369
0.148646
0.147925
0.147203
0.146484
0.145764
0.145045
0.144327
0.143610
0.142892
0.142177
0.141461
0.140747
0.140033
0.139320
0.138607
0.137895
0.137184
0.136473
0.135763
0.135054
0.134346
0.133638
0.132931
0.132224
0.131518
0.130813
0.130108
0.129405
0.128701
0.127999
0.127297
0.126596
0.125895
0.125195
0.124495
0.123797
0.123098
0.122401
0.121704
0.121008
0.120312
0.119617
0.118922
0.118229
0.117535
0.116843
0.116150
0.115459
0.114768
0.114078
0.113388
0.112699
0.112010
0.111322
0.110635
0.109948
0.109262
0.108576
0.107891
0.107206
0.106522
0.105839
0.105155
0.104473
0.103791
0.103110
0.102429
0.101749
0.101069
0.100390
0.099711
0.099033
0.098355
0.097678
0.097001
0.096325
0.095649
0.094974
0.094299
0.093625
0.092951
0.092278
0.091605
0.090933
0.090261
0.089590
0.088919
0.088249
0.087579
0.086910
0.086240
0.085572
0.084904
0.084236
0.083569
0.082902
0.082236
0.081570
0.080904
0.080240
0.079575
0.078911
0.078247
0.077584
0.076921
0.076258
0.075596
0.074934
0.074273
0.073612
0.072952
0.072292
0.071632
0.070972
0.070313
0.069655
0.068996
0.068339
0.067681
0.067024
0.066367
0.065711
0.065054
0.064399
0.063743
0.063088
0.062434
0.061779
0.061125
0.060472
0.059818
0.059165
0.058512
0.057860
0.057208
0.056556
0.055904
0.055253
0.054602
0.053952
0.053301
0.052651
0.052001
0.051352
0.050703
0.050054
0.049405
0.048757
0.048109
0.047461
0.046813
0.046166
0.045519
0.044872
0.044225
0.043579
0.042933
0.042287
0.041641
0.040996
0.040351
0.039706
0.039061
0.038416
0.037772
0.037128
0.036484
0.035840
0.035196
0.034553
0.033910
0.033267
0.032624
0.031982
0.031339
0.030697
0.030055
0.029413
0.028771
0.028129
0.027488
0.026846
0.026205
0.025564
0.024923
0.024283
0.023642
0.023001
0.022361
0.021721
0.021081
0.020441
0.019801
0.019161
0.018521
0.017882
0.017242
0.016603
0.015963
0.015324
0.014685
0.014046
0.013407
0.012768
0.012129
0.011491
0.010852
0.010213
0.009575
0.008936
0.008297
0.007659
0.007021
0.006382
0.005744
0.005106
0.004467
0.003829
0.003191
0.002553
0.001915
0.001276
0.000638
0.000000
