1.000000
0.994936
0.989873
0.984809
0.979746
0.974682
0.969619
0.964555
0.959492
0.954429
0.949366
0.944303
0.939241
0.934178
0.929116
0.924054
0.918992
0.913931
0.908869
0.903808
0.898748
0.893687
0.888627
0.883568
0.878508
0.873449
0.868390
0.863332
0.858274
0.853217
0.848160
0.843104
0.838047
0.832992
0.827937
0.822883
0.817828
0.812775
0.807722
0.802670
0.797618
0.792567
0.787516
0.782466
0.777417
0.772368
0.767320
0.762273
0.757226
0.752180
0.747134
0.742090
0.737046
0.732003
0.726960
0.721919
0.716877
0.711837
0.706798
0.701759
0.696721
0.691685
0.686648
0.681613
0.676578
0.671545
0.666511
0.661480
0.656448
0.651419
0.646389
0.641361
0.636333
0.631307
0.626280
0.621256
0.616232
0.611209
0.606187
0.601166
0.596145
0.591127
0.586108
0.581091
0.576074
0.571060
0.566045
0.561032
0.556019
0.551008
0.545997
0.540988
0.535979
0.530972
0.525965
0.520960
0.515955
0.510952
0.505949
0.500948
0.495947
0.490948
0.485949
0.480952
0.475955
0.470960
0.465965
0.460972
0.455979
0.450988
0.445997
0.441008
0.436019
0.431032
0.426045
0.421060
0.416074
0.411091
0.406108
0.401127
0.396145
0.391166
0.386187
0.381209
0.376232
0.371256
0.366280
0.361307
0.356333
0.351361
0.346389
0.341419
0.336448
0.331480
0.326511
0.321545
0.316578
0.311613
0.306648
0.301685
0.296721
0.291759
0.286798
0.281837
0.276877
0.271919
0.266960
0.262003
0.257046
0.252090
0.247134
0.242180
0.237226
0.232273
0.227320
0.222368
0.217417
0.212466
0.207516
0.202567
0.197618
0.192670
0.187722
0.182775
0.177828
0.172883
0.167937
0.162992
0.158047
0.153104
0.148160
0.143217
0.138274
0.133332
0.128390
0.123449
0.118508
0.113568
0.108627
0.103687
0.098748
0.093808
0.088869
0.083931
0.078992
0.074054
0.069116
0.064178
0.059241
0.054303
0.049366
0.044429
0.039492
0.034555
0.029619
0.024682
0.019746
0.014809
0.009873
0.004936
0.000000
